the
[-0.08986787 -0.06776698  0.01096147 -0.64808524 -0.02791049 -0.04070885
 -0.05011466 -0.04075068 -0.26506874  0.00796837 -0.04379453 -0.37702814
 -0.15649439  0.08930741 -0.20323564  0.09621207 -0.30827636 -0.10442738
 -0.21640982 -0.33225778]
of
[ -7.72670209e-02   1.55524164e-02   5.65222427e-02  -3.68628621e-01
   1.47152185e-01  -1.16675705e-01  -2.83181697e-01  -5.21076955e-02
   2.52886266e-01  -1.24355531e-04   3.85665521e-02  -5.54276910e-03
  -4.05199617e-01   3.93994711e-02  -4.18730080e-01  -4.52568114e-01
   5.61989509e-02  -2.02470452e-01  -6.37653749e-03  -2.84565181e-01]
to
[-0.21384247  0.04637312 -0.00213728 -0.39087281  0.25984129 -0.24022231
 -0.1836914  -0.09855892 -0.09655479  0.14535406  0.16230294 -0.00288173
  0.02535157  0.1262037  -0.2446875  -0.0738012   0.26632863 -0.42460063
  0.1918097  -0.45161566]
a
[ 0.06937679 -0.03084749 -0.00878491 -0.67245841  0.05559639 -0.06475094
  0.21598713 -0.09495815  0.024237    0.19786461  0.2239964  -0.07603437
  0.00864904 -0.00583377 -0.14519958  0.06169368 -0.48846087 -0.10077006
 -0.17576484 -0.28048769]
-
[ 0.18786038  0.32241955  0.30812326 -0.07120185  0.28328744 -0.22157584
 -0.02981493 -0.2086435   0.07887632  0.15679862  0.04655515 -0.316358
  0.09411586  0.0882115  -0.17266352 -0.49138483 -0.16560356 -0.25826451
 -0.18007377 -0.19863625]
for
[-0.00594216  0.10718     0.02395345 -0.3548981   0.28440666 -0.44446623
 -0.38305309 -0.0516555  -0.051553    0.16710944 -0.01442885 -0.16384915
 -0.24780677 -0.07152845 -0.16271637 -0.23229066  0.19746464  0.0170399
  0.1523394  -0.40869001]
static
[-0.08216186  0.04734915 -0.27593261 -0.27730113  0.30324233 -0.10074256
 -0.01958866  0.20096087 -0.11892254 -0.26446411  0.21920621 -0.32809815
  0.36292249 -0.13596219 -0.1572625  -0.39321497 -0.26212463 -0.20675233
  0.02159348 -0.11766473]
IOException
[ 0.11156217 -0.2090026  -0.25525174 -0.16156253  0.09946629 -0.09836438
 -0.27045131  0.07405299  0.18179367  0.02781992 -0.10216511 -0.20216137
  0.42650002 -0.00729367 -0.05963954 -0.21240413 -0.10172612 -0.04902551
 -0.47784027 -0.44449779]
this
[ 0.01282249 -0.05428588  0.08276419 -0.36132032  0.22921067 -0.34550947
  0.25797698 -0.04985214 -0.21477535 -0.04410106 -0.09611496 -0.39166886
 -0.0610473  -0.05230436 -0.00826826  0.18570504 -0.40549934 -0.27745286
  0.07355113 -0.34638411]
in
[-0.19575942  0.32451954  0.0323588  -0.34805137  0.1871939  -0.2373338
 -0.15621465  0.09985945  0.05500522  0.05313847 -0.1254873  -0.02274058
 -0.26878524 -0.34289688 -0.23538956 -0.21086107  0.22767468 -0.22897826
 -0.00422292 -0.43856823]
be
[ 0.08870125  0.0576742  -0.11173219 -0.04980377  0.07829477 -0.35598436
  0.2789115  -0.1603954  -0.0823103  -0.0402266   0.02184878 -0.19894859
 -0.09082803 -0.30479476 -0.61044037  0.12275333  0.09269413 -0.08018944
 -0.30159724 -0.30688477]
Throws:
[-0.2792573   0.1210808   0.26154715 -0.13098755  0.16927236 -0.04279165
 -0.25097293  0.11784463 -0.09855413  0.18844482  0.13597058 -0.22177006
  0.19905224 -0.27876249 -0.09329505  0.01373568 -0.18181136 -0.036127
  0.07335727 -0.65997881]
throws
[-0.27487811  0.33405265  0.09966833 -0.04516409 -0.0479805  -0.02564599
 -0.20695265  0.02015797  0.14851671  0.04918239  0.34752434 -0.24814768
  0.22517546  0.05605001 -0.32886738  0.11938085 -0.22731307  0.07486352
  0.05917598 -0.55751783]
Get
[-0.19514111  0.32203805  0.24178918 -0.13535349  0.34614882 -0.40310773
 -0.19572099 -0.12143139  0.28786939 -0.08902759  0.20075251 -0.17630957
  0.11889597  0.0650396  -0.26453894 -0.38529617  0.085907   -0.03331351
 -0.04093903 -0.19213051]
The
[-0.18899558 -0.07255809  0.08359958 -0.61654228  0.09154197  0.0535044
 -0.21266206 -0.0095244   0.04449814  0.09820652  0.3045508  -0.33635154
  0.1965704  -0.16051349 -0.07686546 -0.21725379 -0.10946874 -0.14093284
 -0.1612096  -0.34998572]
void
[ 0.02853104  0.34836465 -0.09359375 -0.18798564  0.04652712 -0.17128697
 -0.019033   -0.20565015  0.25606972 -0.49585021  0.21802174 -0.36603451
  0.40425438 -0.03967774 -0.07615345 -0.0676925  -0.07960957 -0.11060563
  0.0287166  -0.26803756]
Field
[-0.20259434  0.0954647  -0.14064546 -0.16347845 -0.19531275 -0.35840526
 -0.12306654  0.19568709 -0.40826437 -0.00147331 -0.21151145 -0.19121169
  0.22030355  0.19706298 -0.28630498 -0.30068487 -0.03891232  0.1268114
 -0.03302287 -0.39607987]
that
[-0.29403493 -0.04581137 -0.18581025 -0.27162275  0.24935801 -0.30208719
  0.18844302  0.26006076 -0.01379239  0.07765403  0.03262754 -0.2286988
 -0.13764647  0.11411028 -0.4335362  -0.01049631  0.24425459 -0.22229217
 -0.03517311 -0.39576653]
See
[-0.07788707  0.05527775 -0.18216437 -0.12073635 -0.11305487 -0.33832666
 -0.01232009 -0.15328674 -0.18910097 -0.09892122  0.18431519 -0.3904486
  0.38331375 -0.09621841 -0.27269614 -0.19276109  0.20174703  0.15810122
 -0.18724947 -0.43793508]
by
[ 0.03739381  0.24762131  0.16159278 -0.28665265  0.05173443 -0.48305279
 -0.29929686  0.1061654   0.191872    0.21441193  0.01943844 -0.18222493
 -0.18726084 -0.04170122 -0.27153492 -0.04744698  0.18949354 -0.04108845
 -0.34482291 -0.32631147]
an
[ 0.15372731  0.00322141 -0.41935202 -0.34002867  0.12645984  0.02236751
  0.26184019  0.07759035  0.06580981  0.30329585  0.15090139 -0.40028912
 -0.197476    0.13761821 -0.1526531  -0.05572762 -0.14538094 -0.07451209
 -0.29727447 -0.3392393 ]
file
[-0.01228623  0.11556944  0.1196814  -0.57618189  0.30565637 -0.01753796
 -0.02478708  0.15064697 -0.00688965 -0.11928795  0.1226209   0.04339789
 -0.28150457 -0.10562123 -0.18445432 -0.02308788  0.28998959  0.30736244
 -0.29796731 -0.31565419]
String
[ 0.23506631  0.35413176  0.09014454 -0.32481819 -0.03692278 -0.13129102
 -0.04351873 -0.23601513  0.34022933 -0.28635636  0.03514053 -0.22148028
  0.38807017  0.16242921 -0.23977607 -0.15789337 -0.13070785 -0.15516056
  0.1322069  -0.25182712]
with
[-0.1154708   0.3162601  -0.02133845 -0.38695353  0.31568339 -0.3099207
 -0.15266703  0.05081125 -0.10251478  0.18581825 -0.20172018 -0.16584158
 -0.13845398 -0.01377722  0.14700186 -0.42372826  0.14732632 -0.08059032
  0.0956631  -0.3791621 ]
Values
[ 0.12442055  0.09331903  0.23020692 -0.35250601  0.28022802 -0.29981723
 -0.11693288  0.04114787  0.18265325 -0.40557677  0.21285039 -0.12174641
 -0.02260598 -0.0608412  -0.14725196 -0.33672073 -0.02589744  0.37147266
  0.12787428 -0.24999492]
Also:Constant
[ 0.00931089  0.08724426 -0.02159858 -0.32705638  0.51562124  0.2002092
 -0.23543897 -0.07370119  0.14857474 -0.26644123 -0.07659684  0.17272699
  0.02978377  0.0160651  -0.36464185 -0.2420285  -0.12770537  0.24854676
 -0.11262564 -0.32532218]
Specified
[-0.15211551 -0.06617068 -0.08188449 -0.32313097  0.07539706 -0.20200679
  0.02727164  0.04702367  0.09720869 -0.20553008  0.20032543 -0.389438
 -0.01797502 -0.22831081  0.0252827   0.02267952 -0.09619095 -0.15256637
  0.32341182 -0.61457783]
by:
[  4.52003747e-01   1.86943158e-04   1.06870336e-02  -1.97943836e-01
   2.17239678e-01  -1.31223857e-01  -9.29025114e-02   3.17424327e-01
  -4.05495316e-02  -3.50435913e-01  -1.93725243e-01  -3.67775768e-01
   6.16526343e-02   8.95738602e-03  -2.61284649e-01   2.04902664e-02
   2.00162292e-01  -1.06574789e-01  -1.44440783e-02  -4.01440233e-01]
not
[-0.33795694  0.21790707 -0.2975339  -0.36997005 -0.03309668 -0.38373074
  0.35980386  0.14345543  0.16554011  0.08194888  0.271896    0.02173168
  0.03590825  0.12855302 -0.09663824 -0.03270704  0.15167701 -0.04460782
 -0.10901883 -0.37535414]
value
[-0.25849712  0.37039399 -0.09303746 -0.42015278  0.22199354 -0.2095892
  0.21084453 -0.13185288  0.05809128  0.07485604 -0.21837364 -0.23089036
 -0.16440642  0.05834539  0.00100599 -0.24360682 -0.38275522  0.2110825
 -0.02949611 -0.25312471]
as
[-0.21813379  0.40440789 -0.11166988 -0.43777025  0.05215791 -0.29430076
 -0.46065816  0.04912956 -0.02799871  0.0451792  -0.19225213  0.0385807
  0.06701648 -0.08223183 -0.00462849  0.0130811   0.21156029  0.05632371
 -0.02706432 -0.42358354]
Set
[-0.35712373  0.45605534 -0.0442563  -0.10899722  0.06724136 -0.36881524
 -0.24252507 -0.17689136  0.32093549  0.04931224  0.03569344 -0.1722827
  0.13797608  0.21101326 -0.16658899 -0.31966415 -0.05498069 -0.17219687
 -0.15622872 -0.18169297]
given
[-0.4295916   0.36524081 -0.01983374 -0.32390773  0.27717051 -0.21554922
 -0.22096601 -0.26264811 -0.12440692  0.09976949  0.01777374 -0.1150877
 -0.11979591 -0.10439111 -0.04493232 -0.27735567  0.13506112 -0.14674416
 -0.12066317 -0.37165192]
or
[-0.12106485  0.36040899 -0.16347632 -0.41202936  0.29582202 -0.3820588
 -0.31751764 -0.22256178 -0.1577322   0.15123424  0.25943249 -0.15017889
 -0.09127557 -0.05947489 -0.02199398  0.05009462 -0.18616046  0.05735228
  0.01118744 -0.29083174]
path
[-0.18221991  0.16784918 -0.16128284 -0.61399305  0.26519787 -0.26628837
  0.21895695  0.02174735  0.25246111 -0.12910993 -0.21336553  0.00973201
  0.02048067  0.01578908  0.05208178 -0.27728397 -0.14134227  0.02909314
 -0.29556102 -0.177468  ]
abstract
[ 0.06506748  0.12865655 -0.36452565 -0.33534548  0.36509264 -0.21776359
 -0.2071624   0.11778381 -0.07671794 -0.29803088  0.1439313  -0.38466311
  0.24956253 -0.169797   -0.20576671 -0.05181374 -0.26789993 -0.13530549
 -0.08077919  0.01566405]
are
[-0.02182416  0.0610944  -0.18492807 -0.13152829  0.02337226 -0.20651162
  0.01979772 -0.1527182   0.3146241   0.12696883  0.01895242  0.01407824
 -0.12124598  0.05953952 -0.68352097 -0.01158668  0.01712853 -0.18376058
 -0.06537224 -0.48765013]
copied
[ 0.12153003  0.04743295 -0.01149281 -0.30307233 -0.0437763   0.02072608
  0.12709753 -0.09412938  0.03231481 -0.44323033  0.02365408 -0.24122764
  0.15971193  0.12904078 -0.28655669 -0.36728778 -0.27263904  0.23599581
 -0.34789938 -0.31169426]
object
[-0.05153524 -0.0858384   0.09941135 -0.30880415  0.12624221  0.02828644
 -0.05224239 -0.13142096  0.28011957  0.02289346 -0.22648484 -0.11563662
 -0.23130597  0.16838624 -0.41244656  0.12175256  0.12359137  0.24439703
 -0.18359545 -0.57343936]
name
[-0.1779131   0.33385909 -0.12079985 -0.36090058  0.33348906  0.04538383
 -0.03202198 -0.28534657 -0.18958125 -0.14766963 -0.34442723 -0.314271
 -0.11542144 -0.03137533 -0.16600965 -0.01474066 -0.07798208 -0.07270034
 -0.35191369 -0.25275284]
used
[-0.21305045 -0.03566855 -0.29433259 -0.4291527   0.01028809 -0.24080247
  0.38306186 -0.26993418  0.1510531   0.00964049 -0.19020581 -0.2681706
 -0.00655314  0.18776667 -0.06923838  0.04115807  0.00417949 -0.14285022
  0.05333831 -0.45692608]
will
[ 0.10659045 -0.07836755 -0.16688971 -0.53715509  0.14009191 -0.2893202
 -0.00071376 -0.18485498  0.02451258  0.24929222  0.03879493  0.13424294
  0.24143121 -0.02678788 -0.10141601  0.05872724  0.16116567 -0.10169958
  0.03983641 -0.57938498]
job
[-0.19525647  0.21377504  0.08439001 -0.46431303  0.46084923 -0.18812409
  0.15787822  0.0226581   0.31889442 -0.07955555 -0.1256153   0.05656522
  0.00216428 -0.1647902  -0.15418588 -0.28085065 -0.15640637 -0.13516425
 -0.21686423 -0.27144137]
Returns:the
[-0.13050725 -0.19449408 -0.11848647 -0.55856901  0.15333509 -0.14921367
 -0.09571879 -0.2797263  -0.16502813  0.04126963  0.21139032 -0.37264967
 -0.05033771  0.06389591 -0.2692216  -0.13626754 -0.16267845 -0.17788967
  0.00763449 -0.34291711]
which
[-0.04058692  0.28312328  0.13495004 -0.46924675  0.17144687 -0.3642801
  0.23338801  0.19948974 -0.04751178  0.05080532  0.03755206 -0.01995591
 -0.21916391  0.07336891 -0.42942044  0.11782018  0.0177229  -0.08487079
 -0.25074488 -0.30772287]
new
[-0.13222876  0.41953883  0.04607281 -0.47686166  0.2517637  -0.04615623
 -0.00085126 -0.04176512  0.23142493 -0.03611973  0.0795028  -0.07914339
 -0.36483121 -0.06173043 -0.151107   -0.14627224 -0.163947    0.27667752
  0.28529465 -0.27624777]
Overrides:
[ 0.24805357 -0.06096052 -0.02280464 -0.50570816 -0.00843762 -0.4232485
 -0.09492646  0.10569525 -0.0309309  -0.08722233  0.36194935 -0.29605475
  0.053248    0.12827079  0.04209787 -0.02997384  0.10116646  0.07989193
  0.02389001 -0.46122849]
it
[ 0.04008651  0.12143518 -0.12908477 -0.49052843  0.17920756 -0.3898271
  0.5267874   0.0475985   0.04593508 -0.11105533  0.18739058 -0.19287631
  0.12827659  0.09238448 -0.18224895 -0.08965311 -0.01887105  0.11271276
 -0.249043   -0.185553  ]
int
[ 0.19743583  0.33012226 -0.0709499  -0.38614869 -0.06227838 -0.12232209
  0.01509967 -0.15098836  0.35952833 -0.18106908  0.05342047 -0.32836154
  0.43036664 -0.05993293 -0.12697373 -0.20353511 -0.19491898 -0.04409265
  0.08422174 -0.29986358]
all
[ 0.08173899  0.15408778 -0.0738268  -0.56738245  0.17407402 -0.10671531
  0.10422347 -0.2547406  -0.04240359  0.08505797 -0.26710957 -0.29049394
  0.04742755  0.16643137 -0.31660068 -0.29220998 -0.1062559   0.07656197
 -0.25412682 -0.25037161]
If
[-0.29016912  0.22893636 -0.23869513 -0.511352    0.20049894 -0.26306957
 -0.09237096 -0.06930199 -0.02199434 -0.17255259 -0.1705377  -0.15301654
  0.2620278   0.04491647  0.01909148 -0.20972116  0.29965451 -0.20962644
  0.06894919 -0.29312858]
number
[ 0.08117656  0.3649112   0.12142101 -0.30494648  0.42205879 -0.26967224
 -0.02484716 -0.19772223 -0.14084777 -0.04978818 -0.29090565 -0.16445944
 -0.16373418  0.19047429 -0.08795775 -0.20512855 -0.35547987  0.02774713
 -0.23842266 -0.176272  ]
output
[-0.04895756  0.05659585  0.14817819 -0.58719081  0.20293742 -0.3446494
  0.01696648  0.01315859 -0.28828943 -0.06607857 -0.31308413 -0.13055718
 -0.26392353 -0.02403045 -0.00475998 -0.23329949  0.01808614  0.03740266
  0.13551389 -0.34627166]
list
[ 0.02512659  0.49446931  0.01155815 -0.47092223  0.3934117  -0.09931725
  0.03872054 -0.34073806 -0.06811671 -0.07236497 -0.15794182  0.02483416
 -0.0219012   0.17996004 -0.00479217 -0.15982251 -0.24842758  0.12344298
 -0.18833141 -0.2107971 ]
protected
[-0.00366108  0.24126886 -0.22890967 -0.35141081  0.12584323 -0.10873487
 -0.03078213 -0.01121412  0.04529236 -0.35894182  0.0147839  -0.20432881
  0.52103871 -0.25040004 -0.12806538 -0.36107135 -0.22728644 -0.01816094
 -0.12292069 -0.12744036]
application
[-0.01110611  0.03901163 -0.13652173 -0.41069555  0.46271208 -0.46409732
 -0.0155771   0.04569118  0.1917025  -0.3186703  -0.03105448  0.21370167
 -0.17385599  0.21828665 -0.01117233 -0.00419635  0.00152304 -0.09311718
 -0.23574814 -0.22809084]
set
[ 0.07630535  0.36633393 -0.19811167 -0.42973953  0.34336069 -0.30451718
  0.14632478 -0.28656211 -0.07268897 -0.14201106 -0.27836388  0.04790946
  0.01268801  0.17081745 -0.23808599  0.07281889 -0.03362267  0.15259001
 -0.164662   -0.27167821]
key
[-0.01054876  0.15605678 -0.00956042 -0.43559322  0.63414973  0.02874582
 -0.09021965 -0.05847156 -0.13300587  0.1432348  -0.07385     0.04065566
 -0.05246262 -0.02480234 -0.30420092 -0.16407217 -0.27234834  0.04528454
 -0.28292263 -0.21624772]
Returns
[-0.14770533  0.66195065 -0.18668677 -0.28952983  0.13434362 -0.37363622
 -0.01530622 -0.04191235  0.00152878  0.05300976 -0.2070957  -0.05066691
  0.03794343  0.03688209 -0.00613535 -0.19713245  0.09951525 -0.03671228
  0.27644891 -0.28989622]
specified
[-0.32354835  0.23248839 -0.13294889 -0.39784709  0.5048691  -0.1277166
 -0.13978474 -0.09901575 -0.03899521 -0.13001424 -0.08413702 -0.13816433
  0.12115785  0.02233983 -0.11125281 -0.0244741   0.24326825 -0.29997864
 -0.28420633 -0.24914378]
Path
[ -3.56809676e-01   8.49317983e-02  -1.99715227e-01  -5.66231489e-01
   1.27681270e-01  -3.28650743e-01  -2.20480189e-02  -7.33273327e-02
   4.02412319e-04   5.59415333e-02  -9.51661691e-02  -1.09904639e-01
   1.99199423e-01   2.06657544e-01   4.87901866e-02  -2.15432048e-01
  -2.74505347e-01   3.15126926e-01  -6.02259040e-02  -2.02638999e-01]
default
[-0.08806402  0.25133678  0.15343897 -0.28336102  0.23383167 -0.3151814
  0.00808286 -0.3708736   0.17499968 -0.11111283 -0.14686009 -0.33722249
 -0.23780045  0.02414813 -0.28284472 -0.33806777  0.03060778 -0.09984238
 -0.09342667 -0.29033333]
Create
[-0.1070461   0.51498443  0.00315721 -0.18616776  0.16931097 -0.42381632
 -0.05619524  0.2025685   0.0829236   0.09270283  0.07369346  0.04693292
  0.08567321 -0.02574033 -0.41273767 -0.02495478  0.09548632  0.3048712
  0.20131457 -0.30251047]
directory
[-0.32572785  0.2662839   0.08431923 -0.44427809  0.13498817 -0.08679835
  0.19382109 -0.04211585  0.03045916 -0.07920159 -0.23699871 -0.00571087
 -0.15452963 -0.00495529 -0.45542198 -0.0237597  -0.13309497  0.01971622
 -0.34364569 -0.34918553]
current
[-0.30084535  0.09795404  0.15166208 -0.43767247  0.29255888 -0.27168781
 -0.1514896  -0.24322969  0.14892121 -0.23387255 -0.24028498 -0.05870053
 -0.02734045  0.05524311 -0.17843038 -0.28754342  0.05143904 -0.25798929
 -0.21035732 -0.27201951]
configuration
[-0.34714255  0.23515689  0.06923635 -0.39877898  0.35141793 -0.15440221
 -0.03552767 -0.17652798  0.20624672  0.09306178 -0.24736148 -0.22529678
  0.06711026  0.01457209 -0.20703079 -0.12436392  0.01857223  0.00322355
 -0.36008409 -0.35271978]
input
[-0.14024226  0.30455625  0.06526801 -0.41006887  0.3577728  -0.19549215
 -0.07839668 -0.13352716 -0.21623421  0.15817165 -0.233216   -0.07565244
 -0.10295272  0.08986606 -0.21015464 -0.33748975  0.03032415 -0.1659601
 -0.23256068 -0.36577627]
InterruptedException
[-0.03791852  0.18152568  0.09483242 -0.13527891 -0.02205955  0.00725245
 -0.10778494  0.27591524  0.33974159 -0.06760336  0.07372757 -0.34211686
  0.32135874  0.10586156 -0.27389586  0.07881698 -0.40972027 -0.0175731
 -0.31967211 -0.37613541]
user
[-0.19937444  0.28698599 -0.27337241 -0.36596504  0.26959127 -0.31310087
 -0.13987759 -0.22456762  0.21523644 -0.18941325 -0.05506923  0.0318362
 -0.36340898 -0.08890107 -0.11783184  0.05530022 -0.10030042  0.2422677
 -0.20533456 -0.27283654]
enum
[ 0.01256422  0.35883698 -0.1029442  -0.43957284  0.40545109  0.04372038
 -0.09789057  0.20967317 -0.02422701  0.16554068 -0.30239847 -0.09893666
 -0.1213294  -0.08155391  0.08663341 -0.21001852  0.19997327  0.05728218
  0.16414839 -0.41831169]
Return
[-0.27775946  0.48551717  0.13086775 -0.05379761  0.41507834 -0.32234079
 -0.09723899 -0.02436863  0.09739663  0.13319162 -0.01490507 -0.27514902
  0.00757871  0.29342699 -0.18612151 -0.22686131 -0.0202653   0.10723009
 -0.07976766 -0.29524249]
map
[-0.32954168  0.15971638  0.05149953 -0.31765604  0.41619635 -0.06391431
 -0.01349494 -0.34680584  0.03137457 -0.05923673 -0.22160755 -0.05176841
 -0.14258474  0.09506493 -0.27552271 -0.08117914 -0.16068816  0.26771244
 -0.00647878 -0.4459689 ]
long
[ 0.05108685  0.41505939  0.15421954 -0.51115572  0.17463008 -0.15134196
 -0.00922279 -0.09486808  0.05106087 -0.06035846  0.01354663 -0.26256794
  0.49776116 -0.01065297 -0.03981776 -0.30476055 -0.07874177  0.02927263
  0.08122019 -0.21492563]
job.
[ 0.11312321  0.22209494 -0.1515739  -0.34589878  0.26497221 -0.37498164
 -0.18282434  0.12563552  0.40544236 -0.20085661 -0.37471563 -0.00531922
 -0.08747333 -0.08994802 -0.28533587 -0.24369274 -0.10019371 -0.08373084
  0.05090567 -0.11778338]
Enum
[ 0.13266025  0.32595682 -0.12581642 -0.09206978 -0.10846435 -0.37940192
  0.24617939  0.19434679 -0.32385725 -0.25564048 -0.02094199 -0.05227959
 -0.11357854  0.07567237 -0.16613698 -0.40224788 -0.30110344 -0.12488319
  0.07627487 -0.32287124]
task
[-0.00629006  0.1578345   0.11608572 -0.35991293  0.57922482 -0.16909899
  0.0778156  -0.21792263 -0.07155579  0.14023508 -0.05536367 -0.0302233
 -0.25606635  0.009365   -0.34755757 -0.19934931 -0.12445308 -0.04193579
  0.01019152 -0.37694067]
files
[-0.22475193  0.08371153  0.07033337 -0.39603588  0.37812713  0.12657227
  0.21483342 -0.05139415 -0.06691398 -0.0077145  -0.29371467 -0.04417456
  0.20509544  0.11885738 -0.53533226 -0.17857179 -0.1995786  -0.08279518
 -0.00861659 -0.24231169]
service
[-0.22830702  0.26463926  0.07346766 -0.51701856  0.22491066 -0.27807137
 -0.14490075 -0.05677988 -0.07279359 -0.04276063 -0.11613654 -0.18418187
 -0.22832333  0.31667802 -0.12412633 -0.34083456 -0.02581701  0.18873298
  0.10750742 -0.25813386]
serialized
[-0.22489016  0.28804487  0.09570355 -0.35639864  0.17195578  0.12254553
  0.222745   -0.11771978  0.18627585 -0.10516707 -0.39803922 -0.12572715
 -0.17795636 -0.06041708 -0.10851638 -0.12623104 -0.29754961 -0.0331054
  0.13172869 -0.48187321]
ACL
[-0.09436709  0.0300557   0.07481863 -0.20019872  0.61838275 -0.39472497
  0.05693248 -0.25010499 -0.22831115 -0.18307661  0.1917998  -0.08902487
  0.08122478  0.28124529 -0.09409615 -0.0395304  -0.0385903   0.21979581
  0.07055902 -0.24345161]
record.
[ 0.0146398   0.21318544 -0.24514233 -0.3404842   0.38498908  0.08584104
 -0.07492924  0.23284277  0.21373725 -0.14860927 -0.01126339 -0.4397794
  0.04753299 -0.092101   -0.41159791  0.07441316  0.17153689 -0.24084465
  0.00469305 -0.16867551]
property
[ 0.0374049   0.08636478  0.02996337 -0.58870429  0.3190951   0.11536027
  0.21882689  0.05653525  0.23682037  0.03493425  0.12967743 -0.21958315
  0.06750859  0.03495471 -0.16870411 -0.2597262  -0.08032022 -0.03212666
 -0.40966877 -0.27948725]
core-default.xml
[-0.1886697   0.32219362 -0.23478715 -0.24194314  0.48449558  0.1088121
  0.1028824  -0.21729153 -0.07017612 -0.30092034  0.05233641 -0.13632198
  0.09552199 -0.12058201 -0.3876307  -0.02027079  0.02651931  0.01727252
 -0.26167318 -0.28626782]
FileSystem
[-0.08753918  0.05530503 -0.14320083 -0.42245841  0.35979891 -0.03872747
  0.19489853 -0.2026822   0.21181321 -0.16327071 -0.19355895 -0.18230727
  0.08286276 -0.08764992 -0.48366582 -0.23794119 -0.33149073  0.1056153
 -0.07967762 -0.07463474]
84
